world: world
x: 4953.469923909242
y: 72.0
z: 4971.175479519573
yaw: -126.5741
pitch: -8.700144
name: loja
lastowner: 8edc9157-418f-342b-9eb1-38df10bf8234
